# Camera parameter file. 

# The format of each camera is as follows:
# Filename (of the undistorted image in visualize folder)
# Original filename
# Focal Length (of the undistorted image)
# 2-vec Principal Point (image center)
# 3-vec Translation T (as in P = K[R T])
# 3-vec Camera Position C (as in P = K[R -RC])
# 3-vec Axis Angle format of R
# 4-vec Quaternion format of R
# 3x3 Matrix format of R
# [Normalized radial distortion] = [radial distortion] * [focal length]^2
# 3-vec Lat/Lng/Alt from EXIF

# The nubmer of cameras in this reconstruction
23

00000000.jpg
C:\Users\Jayde\Documents\School\2022 _Spring\ENSC 405W\TestImages\grass\IMG_1087.JPG
3291.39404297
2016 1512
-0.569993824687 0.132602042689 0.396175999498
0.613064656336 0.00642184486725 0.351484575901
-1.80434430228 0.97747609277 -0.0778130485495
0.517571121973 -0.751796754924 0.40727446177 -0.0324215269315
0.666153763528 -0.578813512536 0.470335139865
-0.645935296816 -0.132495971635 0.751808030174
-0.372838860652 -0.804625129593 -0.462138326693
-0.036107695478
49.2790361111 -122.910133333 360.666273585

00000001.jpg
C:\Users\Jayde\Documents\School\2022 _Spring\ENSC 405W\TestImages\grass\IMG_1093.JPG
3157.0637207
2016 1512
0.0860669896329 -1.46980169705 -0.644634990934
0.156170448091 -0.517199573565 1.51373359257
-1.46845825714 -0.0334515987326 0.332813569439
0.729615958347 -0.666777855525 -0.0151892538711 0.1511195276
0.953865255961 -0.200262958948 -0.223690927324
0.240773916872 0.0651392888985 0.968393610476
-0.179361639245 -0.977573445777 0.110353241839
-0.0266832433669
49.279025 -122.910141667 360.579076621

00000002.jpg
C:\Users\Jayde\Documents\School\2022 _Spring\ENSC 405W\TestImages\grass\IMG_1092.JPG
3154.6628418
2016 1512
-0.250998072626 -1.15229565699 -0.480576860145
0.218094279681 -0.50137385199 1.15013010081
-1.54505425895 0.106797103711 0.187838892926
0.710881773693 -0.696533046265 0.0481456955631 0.0846805188483
0.981020591563 -0.187465307345 -0.0495136244685
0.0533260423995 0.0153430162489 0.99845933824
-0.186417214299 -0.982151251218 0.0250479768649
-0.0263117380925
49.279025 -122.910141667 360.584875302

00000003.jpg
C:\Users\Jayde\Documents\School\2022 _Spring\ENSC 405W\TestImages\grass\IMG_1090.JPG
3135.91357422
2016 1512
-0.617515930617 -0.384036345697 -0.301783980144
0.403698355656 -0.458155470764 0.496995038445
-1.68034336937 0.403675572583 -0.0989395232125
0.64826679107 -0.739139179781 0.177566345699 -0.043520913266
0.933153206536 -0.206066270049 0.294556515208
-0.318918921198 -0.0964410285833 0.942863346056
-0.165884945304 -0.973774190868 -0.155712848334
-0.0303391413686
49.2790305556 -122.910141667 364.518377088

00000004.jpg
C:\Users\Jayde\Documents\School\2022 _Spring\ENSC 405W\TestImages\grass\IMG_1091.JPG
3181.33178711
2016 1512
-0.531902461862 -0.706087302942 -0.30599561258
0.336819705701 -0.445410177867 0.750516038803
-1.63650085476 0.285355249662 0.0209944062033
0.674386661817 -0.727345166624 0.126826552525 0.00933099413527
0.967655599702 -0.197078107915 0.157486830847
-0.171907315969 -0.0582351509858 0.983390770346
-0.1846337107 -0.978656745288 -0.0902309701692
-0.0282837853098
49.2790305556 -122.910141667 360.620344636

00000005.jpg
C:\Users\Jayde\Documents\School\2022 _Spring\ENSC 405W\TestImages\grass\IMG_1084.JPG
3288.97460938
2016 1512
-0.458789267014 -0.618963428931 0.376677976727
0.363606147444 -1.11022302463e-016 0.776710984168
-1.67236995656 0.712123725424 0.244146434748
0.608205240935 -0.723825160811 0.308217131054 0.105669999451
0.787671651214 -0.574728532733 0.221944862347
-0.317652342829 -0.0701769664679 0.945607553523
-0.527892235465 -0.815329471779 -0.237840224343
-0.0366235701533
49.2790361111 -122.910133333 360.666273585

00000006.jpg
C:\Users\Jayde\Documents\School\2022 _Spring\ENSC 405W\TestImages\grass\IMG_1083.JPG
3298.55517578
2016 1512
-0.41241516394 -0.829862270281 0.349442068799
0.350824162707 0.00616200882927 0.926148680304
-1.62258778906 0.637772418252 0.333489201621
0.631338099992 -0.708902859467 0.278640511186 0.145700251305
0.802261549652 -0.57903045312 0.145257906356
-0.21108597381 -0.0475432120505 0.976311159562
-0.558407577296 -0.813918377938 -0.160367151595
-0.0371514415676
49.2790361111 -122.910133333 360.666273585

00000007.jpg
C:\Users\Jayde\Documents\School\2022 _Spring\ENSC 405W\TestImages\grass\IMG_1085.JPG
3290.10107422
2016 1512
-0.503690586607 -0.40086060964 0.393559559313
0.404594716014 -0.00483187105048 0.636837473473
-1.71503603713 0.796285162184 0.148578011897
0.583022142079 -0.734637860512 0.341089758605 0.0636435797357
0.75921494597 -0.575365782265 0.304215982809
-0.426943317517 -0.0874861738962 0.900036385905
-0.491235544004 -0.813204170448 -0.312069499454
-0.0354160643592
49.2790361111 -122.910133333 360.666273585

00000008.jpg
C:\Users\Jayde\Documents\School\2022 _Spring\ENSC 405W\TestImages\grass\IMG_1086.JPG
3293.89233398
2016 1512
-0.543297435935 -0.1324618761 0.408270301694
0.493133858103 -1.11022302463e-016 0.486026321117
-1.76799439343 0.894283915466 0.0332878506021
0.548030266256 -0.746301332644 0.377492870088 0.0140513835098
0.71460376185 -0.578847498274 0.39278145554
-0.548045164489 -0.114324204007 0.82860019094
-0.434728616877 -0.807382681205 -0.398930866911
-0.0359984426644
49.2790361111 -122.910133333 360.666273585

00000009.jpg
C:\Users\Jayde\Documents\School\2022 _Spring\ENSC 405W\TestImages\grass\IMG_1082.JPG
3294.65795898
2016 1512
-0.318596134144 -1.08578607209 0.231333352159
0.326678609159 -0.000322753014256 1.10780385611
-1.5396654842 0.528077054886 0.437589595564
0.665411722512 -0.681888277922 0.233875187344 0.193800029173
0.815487927603 -0.576867336493 0.046946475416
-0.0610400915524 -0.00505942387439 0.998123381911
-0.575546689639 -0.816822432382 -0.0393374619008
-0.0353146204822
49.2790416667 -122.910119444 360.711974577

00000010.jpg
C:\Users\Jayde\Documents\School\2022 _Spring\ENSC 405W\TestImages\grass\IMG_1081.JPG
3291.58325195
2016 1512
-0.245762608295 -1.22635128473 0.146989365339
0.314950216582 -0.00419074021114 1.21931563787
-1.49608546465 0.464251481372 0.493881138611
0.68131642945 -0.666749332193 0.20689952044 0.220104350407
0.817493482934 -0.575822004107 -0.0115804810487
0.0240208363964 0.0139993442065 0.999613674152
-0.575436651134 -0.817455423239 0.0252754810114
-0.0343525628406
49.2790527778 -122.910111111 360.750405186

00000011.jpg
C:\Users\Jayde\Documents\School\2022 _Spring\ENSC 405W\TestImages\grass\IMG_1089.JPG
3244.13452148
2016 1512
-0.70223940673 0.177790557851 -0.0151637449065
0.647312307483 -0.228344220097 0.232001847786
-1.78512288639 0.748957962321 -0.277573338456
0.558819184596 -0.756970022264 0.317590867126 -0.117703211243
0.770564522396 -0.349263659547 0.533147347347
-0.612362909672 -0.17371461299 0.771255764171
-0.176756130262 -0.920781718249 -0.347734385114
-0.0327178765567
49.2790305556 -122.910141667 364.518377088

00000012.jpg
C:\Users\Jayde\Documents\School\2022 _Spring\ENSC 405W\TestImages\grass\IMG_1088.JPG
3296.82983398
2016 1512
-0.556730201631 0.374014135136 0.339054510194
0.71536612973 0.00484280303825 0.230262672892
-1.84284761334 1.06086755756 -0.192467393129
0.482280023639 -0.756114476546 0.435270562886 -0.0789687552864
0.608606845217 -0.582059043126 0.539263589636
-0.734399255791 -0.155891003508 0.660572404858
-0.300425599795 -0.798063225631 -0.522339756905
-0.0313666439206
49.2790361111 -122.910133333 360.666273585

00000013.jpg
C:\Users\Jayde\Documents\School\2022 _Spring\ENSC 405W\TestImages\grass\IMG_1099.JPG
3266.66723633
2016 1512
-0.21745711714 -1.50430237212 -0.0135737162741
0.183127381594 -0.117830615391 1.50432003411
-1.53091242504 0.406392088598 0.406954631794
0.683909194818 -0.682963602119 0.181297767372 0.181548726552
0.868342082097 -0.495965374739 1.11022302463e-016
0.000685998846675 0.0012015511942 0.999998864837
-0.495964840422 -0.868341484024 0.00138351373663
-0.0332733330461
49.279025 -122.910141667 360.57486788

00000014.jpg
C:\Users\Jayde\Documents\School\2022 _Spring\ENSC 405W\TestImages\grass\IMG_1080.JPG
3300.69384766
2016 1512
-0.113417356034 -1.40896687428 0.00915391298417
0.328259022433 0 1.37491172544
-1.42159527281 0.365489180472 0.592732125957
0.702783681528 -0.63887329648 0.164252992411 0.266377311801
0.804128158885 -0.58428529839 -0.109494278452
0.164537213061 0.0417682133517 0.985485849382
-0.571231569285 -0.810473059938 0.12972323985
-0.0342639839049
49.2790555556 -122.910094444 360.776553106

00000015.jpg
C:\Users\Jayde\Documents\School\2022 _Spring\ENSC 405W\TestImages\grass\IMG_1098.JPG
3285.25
2016 1512
-0.103913382376 -1.61433160402 -0.247238784758
0.268844723113 -0.207336939575 1.6008515318
-1.46511716709 0.212941643757 0.465090939249
0.713775179744 -0.661233024922 0.0961042914494 0.209903682471
0.89340835401 -0.426743058251 -0.140396741611
0.172553096487 0.0374223372717 0.984289058762
-0.414784173224 -0.903597826104 0.10706933759
-0.0310637331802
49.279025 -122.910141667 360.575772682

00000016.jpg
C:\Users\Jayde\Documents\School\2022 _Spring\ENSC 405W\TestImages\grass\IMG_1079.JPG
3286.87329102
2016 1512
0.0699116297274 -1.5621394028 -0.212665753309
0.326642817047 -0.00472704489325 1.54391595809
-1.32738892542 0.249993057265 0.689643745162
0.726007152216 -0.601892454477 0.113357081679 0.312712693725
0.778721925014 -0.590520815556 -0.211842470895
0.317605793377 0.079872492603 0.944852797818
-0.54103467911 -0.803060109445 0.249751122659
-0.0314468060306
49.2790638889 -122.910088889 360.824351297

00000017.jpg
C:\Users\Jayde\Documents\School\2022 _Spring\ENSC 405W\TestImages\grass\IMG_1078.JPG
3296.38037109
2016 1512
0.102054469455 -1.57738524714 -0.257374213609
0.326362659881 -0.00996159667352 1.56786153977
-1.31188785124 0.225120415893 0.701555109949
0.730109180842 -0.595796610905 0.102238907623 0.318612720191
0.776066064416 -0.58707143455 -0.230365765195
0.343416854029 0.0870243841847 0.935142341227
-0.528948025574 -0.804843960919 0.269147215201
-0.0304070889206
49.2790638889 -122.910088889 360.824351297

00000018.jpg
C:\Users\Jayde\Documents\School\2022 _Spring\ENSC 405W\TestImages\grass\IMG_1097.JPG
3272.74511719
2016 1512
0.222848734489 -1.75336146081 -0.499636321666
0.285826202091 -0.247499934895 1.79739255048
-1.38399202078 0.0310986351307 0.590423604988
0.729985211949 -0.628513134053 0.0141228419943 0.268129429086
0.85581439684 -0.409213811805 -0.316426873395
0.373708260678 0.0661555861935 0.925184290322
-0.357664736622 -0.910036883176 0.209543655624
-0.0288686446838
49.279025 -122.910141667 360.577106518

00000019.jpg
C:\Users\Jayde\Documents\School\2022 _Spring\ENSC 405W\TestImages\grass\IMG_1094.JPG
3168.73657227
2016 1512
0.456311161406 -1.64117293155 -0.807200964058
0.193959152976 -0.479356156361 1.81268856617
-1.36749233648 -0.184545125014 0.495188977845
0.743153502879 -0.62413792222 -0.0842283410369 0.226009471128
0.883650952433 -0.230779367803 -0.407311479844
0.441059552807 0.118742884025 0.889587741021
-0.15693313311 -0.965733391689 0.20671467891
-0.0262738955841
49.279025 -122.910141667 360.579076621

00000020.jpg
C:\Users\Jayde\Documents\School\2022 _Spring\ENSC 405W\TestImages\grass\IMG_1096.JPG
3269.37744141
2016 1512
0.41761687342 -1.78654303275 -0.658629571603
0.297313523039 -0.265789113122 1.90811261997
-1.32660619137 -0.0644891745212 0.653132526206
0.738442937343 -0.60439581843 -0.0293809780689 0.297564243472
0.821184586174 -0.403952904872 -0.403085453174
0.474983951118 0.0923223868353 0.875138159399
-0.316300750185 -0.910109134518 0.267684913839
-0.0265744348268
49.279025 -122.910141667 360.577106518

00000021.jpg
C:\Users\Jayde\Documents\School\2022 _Spring\ENSC 405W\TestImages\grass\IMG_1095.JPG
3257.69775391
2016 1512
0.510181230198 -1.74299807511 -0.736660892984
0.278831716503 -0.328755858716 1.91184968585
-1.32609935475 -0.159682611343 0.608826538885
0.742537011762 -0.605104322469 -0.0728638001377 0.277809931054
0.835024928311 -0.324387941802 -0.444416267102
0.50074868237 0.113340704354 0.85814010024
-0.227999993422 -0.939109321401 0.257079222684
-0.0250006273489
49.279025 -122.910141667 360.577809798

00000022.jpg
C:\Users\Jayde\Documents\School\2022 _Spring\ENSC 405W\TestImages\grass\IMG_1077.JPG
3295.4074707
2016 1512
0.246976845105 -1.63252947001 -0.418445619414
0.324185886726 0.00157845802876 1.67216858997
-1.23990581106 0.160607248447 0.773799599052
0.741713659357 -0.565597271797 0.0732628404046 0.352977571553
0.740078737067 -0.606491047271 -0.290606227734
0.440742097797 0.111013176184 0.89074264492
-0.507966425539 -0.787302243828 0.349464696657
-0.0307526040435
49.2790722222 -122.910063889 360.864529058

