# Camera parameter file. 

# The format of each camera is as follows:
# Filename (of the undistorted image in visualize folder)
# Original filename
# Focal Length (of the undistorted image)
# 2-vec Principal Point (image center)
# 3-vec Translation T (as in P = K[R T])
# 3-vec Camera Position C (as in P = K[R -RC])
# 3-vec Axis Angle format of R
# 4-vec Quaternion format of R
# 3x3 Matrix format of R
# [Normalized radial distortion] = [radial distortion] * [focal length]^2
# 3-vec Lat/Lng/Alt from EXIF

# The nubmer of cameras in this reconstruction
26

00000000.jpg
C:\Users\Jayde\Documents\School\2022 _Spring\ENSC 405W\TestImages\grass\IMG_1069.JPG
3215.84448242
2016 1512
0.370647090729 -0.0838072061444 -0.444984683718
-0.421944536024 0.216417463077 -0.3428422527
1.67165012418 0.761505804994 0.0193357873552
0.607001013385 0.723157609647 0.329428215693 0.00836468203615
0.782813337237 0.466301999306 0.412023824253
0.486611481196 -0.0460531553512 -0.872404047326
-0.3878292188 0.883425560243 -0.262959260886
-0.0164816454859
49.2790916667 -122.910041667 360.890147225

00000001.jpg
C:\Users\Jayde\Documents\School\2022 _Spring\ENSC 405W\TestImages\grass\IMG_1073.JPG
3201.34912109
2016 1512
0.498076587087 0.446376393077 -0.44717915377
-0.296850327711 0.0596990796109 0.745397274841
1.24199795674 -0.000303981384106 -0.837538612996
0.732367455272 0.564541990672 -0.000138172735936 -0.380697659991
0.710139365725 0.557465436136 -0.430041359048
-0.557776869765 0.0727242056915 -0.826799652485
-0.429636586188 0.827009071923 0.362584786747
-0.0178127779219
49.2790861111 -122.910033333 360.88769167

00000002.jpg
C:\Users\Jayde\Documents\School\2022 _Spring\ENSC 405W\TestImages\grass\IMG_1072.JPG
3199.01733398
2016 1512
0.368258020496 0.377362517684 -0.405456828905
-0.330595615442 0.126736165327 0.563078660847
1.32887815304 0.1129935142 -0.678901096167
0.732871225604 0.604148791121 0.0513703192816 -0.308649273524
0.804193717605 0.514471170251 -0.297644393994
-0.390329515228 0.0794791824717 -0.917237087316
-0.4482357094 0.853815972668 0.264728033198
-0.0179052479504
49.2790861111 -122.910033333 360.889015367

00000003.jpg
C:\Users\Jayde\Documents\School\2022 _Spring\ENSC 405W\TestImages\grass\IMG_1071.JPG
3185.42919922
2016 1512
0.309304741332 0.267354841976 -0.403631819836
-0.389430537371 0.188176611793 0.378153762119
1.40229835029 0.21736391175 -0.523728414635
0.727377790092 0.636192750984 0.0986133549632 -0.237604373425
0.867637955764 0.471130012706 -0.158865735313
-0.220182563527 0.0776063845134 -0.972367326033
-0.445782392139 0.878642583099 0.171069457799
-0.014816369728
49.2790861111 -122.910033333 360.889015367

00000004.jpg
C:\Users\Jayde\Documents\School\2022 _Spring\ENSC 405W\TestImages\grass\IMG_1074.JPG
3179.84838867
2016 1512
0.275007859976 0.147277372086 -0.395657289459
-0.412916638529 0.222812418517 0.183627252154
1.47869874248 0.32278801922 -0.39836377279
0.709129379509 0.666168469122 0.145419208414 -0.179466835975
0.893289674008 0.448277975805 -0.0328687078718
-0.0607828483445 0.048022305381 -0.996995736535
-0.445352839999 0.892602796093 0.0701459281431
-0.0158424114546
49.2790861111 -122.910033333 360.882203927

00000005.jpg
C:\Users\Jayde\Documents\School\2022 _Spring\ENSC 405W\TestImages\grass\IMG_1070.JPG
3214.90014648
2016 1512
0.282020254017 0.0397866322968 -0.374315781994
-0.420473587731 0.210774036006 -0.00260980101827
1.54474202717 0.448018638293 -0.269599905077
0.685563577103 0.689579354083 0.199997409132 -0.120350534351
0.891034080988 0.440844268823 0.108239280141
0.110812497481 0.0199924588333 -0.993640828707
-0.440204476721 0.897361126018 -0.0310368668225
-0.0169513913232
49.2790861111 -122.910033333 360.884398977

00000006.jpg
C:\Users\Jayde\Documents\School\2022 _Spring\ENSC 405W\TestImages\grass\IMG_1058.JPG
3186.26733398
2016 1512
0.517392442261 0.306690439052 -0.51326488588
-0.750035217532 -0.0218170849667 0.249329798759
1.43024536919 0.685663117195 -0.520619488696
0.671413077317 0.634930703501 0.304387327338 -0.23111929277
0.707865006887 0.696882650259 0.115249722651
0.0761765879149 0.0868937782937 -0.99330103202
-0.702228805928 0.711902078062 0.0084232963895
-0.0153687310986
49.2790805556 -122.910058333 363.807623585

00000007.jpg
C:\Users\Jayde\Documents\School\2022 _Spring\ENSC 405W\TestImages\grass\IMG_1059.JPG
3178.65209961
2016 1512
0.576433789116 -0.0652384576495 -0.548509504892
-0.768512059164 0.0410676000748 -0.212360143917
1.50548465616 0.719899521671 -0.40292258944
0.653684352742 0.663655211348 0.317349676896 -0.177618333842
0.735482129071 0.653433746593 0.17913841413
0.189008444223 0.056028112035 -0.980375989487
-0.650647658409 0.754908119607 -0.0822973090281
-0.0136393033955
49.2790722222 -122.910058333 357.359477618

00000008.jpg
C:\Users\Jayde\Documents\School\2022 _Spring\ENSC 405W\TestImages\grass\IMG_1060.JPG
3193.83251953
2016 1512
0.567854357672 -0.0899272349582 -0.519596535786
-0.683110352171 -0.0350192544327 -0.364224572964
1.57888021533 0.913424463691 -0.335027959027
0.600006361572 0.68107084254 0.394017711441 -0.144518736832
0.647729179006 0.710132014733 0.275971375481
0.363283368869 0.0305148854375 -0.931179548873
-0.669681158266 0.703407803947 -0.238213528735
-0.0178710588583
49.2790722222 -122.910058333 357.359477618

00000009.jpg
C:\Users\Jayde\Documents\School\2022 _Spring\ENSC 405W\TestImages\grass\IMG_1061.JPG
3186.86254883
2016 1512
0.591743909918 -0.168238566209 -0.545411241211
-0.57978736824 -0.0221373766262 -0.582490132527
1.65344097727 1.05407531853 -0.16038785255
0.55394560131 0.699693258771 0.446057285838 -0.0678719717009
0.592852874698 0.699401535652 0.39920399291
0.549012014948 0.0116455253131 -0.835733640253
-0.589161892778 0.714634371596 -0.37707548317
-0.0135479056743
49.2791027778 -122.910033333 360.883465259

00000010.jpg
C:\Users\Jayde\Documents\School\2022 _Spring\ENSC 405W\TestImages\grass\IMG_1068.JPG
3162.37451172
2016 1512
0.48763896569 -0.114574449047 -0.543272992341
-0.465079296915 0.185717485102 -0.543391612549
1.70578424645 0.961337180938 0.0983511372674
0.556817315042 0.722717809295 0.407305614909 0.0416700521274
0.664731808878 0.542328304585 0.513820614375
0.635138730758 -0.0481134353555 -0.77089859308
-0.393358661206 0.83878856734 -0.3764362842
-0.0108995305357
49.2790944444 -122.910033333 360.895442359

00000011.jpg
C:\Users\Jayde\Documents\School\2022 _Spring\ENSC 405W\TestImages\grass\IMG_1062.JPG
3192.03588867
2016 1512
0.618728609593 -0.18294625635 -0.585097325084
-0.553394984417 -1.11022302463e-016 -0.672596993644
1.68573710953 1.10208534692 -0.0727424597803
0.533832840319 0.707296654314 0.462409751932 -0.0305210688773
0.570491928093 0.686707853427 0.450524222975
0.621535257873 -0.00239974593403 -0.783382554003
-0.536873822086 0.726930173678 -0.428182176547
-0.0139843334939
49.2791027778 -122.910033333 360.883465259

00000012.jpg
C:\Users\Jayde\Documents\School\2022 _Spring\ENSC 405W\TestImages\grass\IMG_1063.JPG
3197.29077148
2016 1512
0.649234336981 -0.170648043426 -0.620451382304
-0.477017117338 0.00432209073106 -0.779757658809
1.72845531778 1.21490999138 0.0682749837024
0.491566404312 0.712080480858 0.500512614913 0.0281275904129
0.497391815161 0.685157305897 0.532128456168
0.740463619822 -0.0156991764766 -0.671913526201
-0.452012289534 0.728225840023 -0.515142519292
-0.0159811783588
49.2791055556 -122.909997222 360.909830508

00000013.jpg
C:\Users\Jayde\Documents\School\2022 _Spring\ENSC 405W\TestImages\grass\IMG_1064.JPG
3195.99584961
2016 1512
0.690275253499 -0.20475340338 -0.651052767416
-0.345402398392 0.0147948841132 -0.907056503821
1.74496961434 1.31730973704 0.225631624885
0.45449470457 0.707162318927 0.533849873794 0.091438946424
0.413286929918 0.671919374761 0.614587871446
0.838153442526 -0.0168780533031 -0.545173668243
-0.355939891253 0.740432448653 -0.570147130685
-0.0151938103367
49.2791027778 -122.910019444 360.935998203

00000014.jpg
C:\Users\Jayde\Documents\School\2022 _Spring\ENSC 405W\TestImages\grass\IMG_1065.JPG
3192.8503418
2016 1512
0.715889390496 -0.221152765437 -0.684344546185
-0.264965406813 0.0213246716519 -0.979322366366
1.76073896022 1.37745791436 0.311784700344
0.427940681636 0.705029003661 0.551556933133 0.124843751179
0.360397808757 0.670875768967 0.648103898956
0.884578648876 -0.0253032159946 -0.465704762222
-0.296030700749 0.741137607378 -0.602561684765
-0.011072447388
49.2791027778 -122.910019444 360.919773096

00000015.jpg
C:\Users\Jayde\Documents\School\2022 _Spring\ENSC 405W\TestImages\grass\IMG_1066.JPG
3205.55664063
2016 1512
0.7239451 -0.262543396745 -0.675098816985
-0.113674433452 -2.22044604925e-016 -1.01777282189
1.76901852133 1.46380765039 0.410701856394
0.393574478702 0.697193787748 0.576906113761 0.161863077996
0.281959966112 0.677019955362 0.679811295521
0.931840661535 -0.0245576214659 -0.362035464189
-0.228410796412 0.735555262079 -0.637798863505
-0.0131163262404
49.2791027778 -122.910027778 360.912108175

00000016.jpg
C:\Users\Jayde\Documents\School\2022 _Spring\ENSC 405W\TestImages\grass\IMG_1067.JPG
3223.44750977
2016 1512
0.723851402186 -0.256181452264 -0.67882917009
-0.054010515343 0.00228527551175 -1.02346304817
1.77813172512 1.50264637892 0.475563246306
0.373468185798 0.694191946698 0.586641023409 0.185662384326
0.242762938243 0.675805829995 0.695954831566
0.953161805375 -0.0327470482775 -0.300682129322
-0.180412203343 0.736352298394 -0.652101946752
-0.0077203448556
49.2790972222 -122.910033333 360.903349282

00000017.jpg
C:\Users\Jayde\Documents\School\2022 _Spring\ENSC 405W\TestImages\grass\IMG_1075.JPG
3189.92114258
2016 1512
0.753593826394 0.432862417275 -0.551438902286
-0.271982232331 -0.0424916538616 0.991755572573
1.12501349245 -0.151122084065 -1.09654291352
0.704463542391 0.505916621328 -0.0679593397688 -0.493113451238
0.504440811915 0.625997371181 -0.594698170584
-0.763524423459 0.00177478782929 -0.645776135218
-0.403198661656 0.779823125644 0.478859930489
-0.0199374022947
49.2790861111 -122.910041667 360.887449393

00000018.jpg
C:\Users\Jayde\Documents\School\2022 _Spring\ENSC 405W\TestImages\grass\IMG_1076.JPG
3196.15600586
2016 1512
0.820688048824 0.43194096857 -0.606716790402
-0.287159842027 -0.0800246119843 1.06739976936
1.08205262782 -0.151643996115 -1.13731022189
0.70486729886 0.486673220731 -0.0682046973468 -0.511526347633
0.467377692445 0.654729796641 -0.594043079985
-0.787502983165 0.00297947236036 -0.616303083978
-0.401742036831 0.755857070119 0.516994471204
-0.0191986159129
49.2790861111 -122.910041667 360.879048249

00000019.jpg
C:\Users\Jayde\Documents\School\2022 _Spring\ENSC 405W\TestImages\grass\IMG_1057.JPG
3215.1953125
2016 1512
0.670575917523 1.06148190743 -0.913414315879
-1.00970557079 0.0295539740485 1.17913611599
1.3442603132 0.580733025089 -0.668826620717
0.69316549236 0.601866148009 0.260011803815 -0.299453980709
0.68544235368 0.728126965449 -2.77555756156e-017
-0.10215769846 0.0961691071397 -0.990109002797
-0.720924840044 0.67866237648 0.140302138373
-0.0145547478261
49.2788777778 -122.910216667 325.590889181

00000020.jpg
C:\Users\Jayde\Documents\School\2022 _Spring\ENSC 405W\TestImages\grass\IMG_1056.JPG
3187.88500977
2016 1512
0.757962788837 1.06021902826 -0.961802351536
-1.02485099305 0.0184397565088 1.25418328036
1.33928429844 0.529133396454 -0.729578690322
0.691561611534 0.599263693789 0.236761107432 -0.326450494028
0.674748648131 0.735285707694 -0.0637900834801
-0.167756811252 0.0686264922618 -0.983436980849
-0.718729655497 0.674274082392 0.169654709799
-0.0153681012624
49.2788583333 -122.910225 365.924398249

00000021.jpg
C:\Users\Jayde\Documents\School\2022 _Spring\ENSC 405W\TestImages\grass\IMG_1055.JPG
3197.28637695
2016 1512
0.923033901214 0.988726575055 -1.13190922165
-0.985177323476 0.00419308975903 1.46294179392
1.2464158426 0.370336550562 -0.876825432683
0.707993308456 0.561276457473 0.16676712544 -0.394845328389
0.632571944299 0.746300718927 -0.207094823174
-0.371890682571 0.0581313786285 -0.926454215785
-0.679374858702 0.663065688556 0.314314776348
-0.0169888746897
49.2788416667 -122.910263889 359.963548831

00000022.jpg
C:\Users\Jayde\Documents\School\2022 _Spring\ENSC 405W\TestImages\grass\IMG_1054.JPG
3188.87158203
2016 1512
1.05743321533 0.824695851591 -1.26828594487
-0.920141572336 0.00964888356081 1.60002552381
1.14996390261 0.207157453799 -0.99692764632
0.719312863221 0.520104906692 0.0936930350021 -0.450889770793
0.575840159526 0.746122151169 -0.334230912775
-0.551201096934 0.0523786942574 -0.83272689822
-0.603809333859 0.66374570021 0.441425126996
-0.0164843139415
49.2788416667 -122.910263889 359.963548831

00000023.jpg
C:\Users\Jayde\Documents\School\2022 _Spring\ENSC 405W\TestImages\grass\IMG_1053.JPG
3188.42163086
2016 1512
1.1037254756 0.619092482792 -1.36098108558
-0.772589390336 -0.00509327957815 1.69021713502
1.01924168674 0.0591148810572 -1.13536721276
0.722456776477 0.461538132209 0.0267686969086 -0.514122675288
0.469922313088 0.767572364661 -0.435896078858
-0.718153278148 0.0453206805516 -0.694407381696
-0.513252984774 0.639358023171 0.57253218187
-0.0148140613399
49.2788416667 -122.910263889 359.963548831

00000024.jpg
C:\Users\Jayde\Documents\School\2022 _Spring\ENSC 405W\TestImages\grass\IMG_1052.JPG
3180.13354492
2016 1512
1.23740248143 0.352468219129 -1.46857135
-0.527917665905 -0.00656745811309 1.87972316308
0.863757905305 -0.186256044364 -1.3338054516
0.696728433595 0.387267016056 -0.083508147457 -0.59801346427
0.270812546474 0.768626236836 -0.579546953922
-0.897985700083 -0.0151918356625 -0.439761834037
-0.346816950841 0.639517931883 0.686101329908
-0.016295928762
49.2788416667 -122.910263889 359.963548831

00000025.jpg
C:\Users\Jayde\Documents\School\2022 _Spring\ENSC 405W\TestImages\grass\IMG_1051.JPG
3194.34423828
2016 1512
1.23229108635 0.199346395116 -1.49819272976
-0.452635178312 -1.11022302463e-016 1.89683446277
0.777596649527 -0.274166294621 -1.38370604265
0.692846504225 0.348110379108 -0.122737325087 -0.619450245027
0.202434003781 0.772915784078 -0.601350490695
-0.943819963153 -0.00979851770407 -0.330314808556
-0.261197984198 0.634433428442 0.72750962759
-0.0143167968222
49.2788694444 -122.910163889 360.080489939

